[[-0.39732389 -2.95214099 -0.35211805]
 [ 1.75120696 -0.80300705 -0.0911575 ]
 [-0.27058839  0.45975051 -0.56304339]
 [ 0.54726178  0.72151402 -0.15955845]
 [ 2.15390619  1.55551494 -0.51442357]
 [ 2.77561198 -0.4778405   0.27588078]
 [-2.57179857  5.37049378 -0.46264318]
 [ 3.64575426  2.96642927  0.26461278]
 [ 3.32279333  2.94509281 -0.62356761]
 [-0.85468027 -2.21097249 -0.44208052]
 [ 1.93716588  0.15709794 -0.13325712]
 [-0.92033036 -1.25391937 -0.39930456]
 [ 0.87856132  1.91265484  0.26919607]
 [ 1.52295053  1.67369862 -0.44760952]
 [ 1.9595797  -1.56309032 -0.63367147]
 [-2.01689238  1.95054566 -0.43666665]
 [ 2.43500102 -0.55038747  0.2493645 ]
 [ 3.89879417  2.43509516 -0.49851405]]
[[ 1.16512182 -4.23896406 -0.06967575 -3.58746426 -1.49056698  1.90926092]
 [-0.17098526  3.6023202   2.29735624 -3.28492405  2.46008655 -5.23275928]
 [-0.73377671  0.60770568 -0.66275055 -0.62031988 -0.06514164  0.16703834]]
